$ANSIBLE_VAULT;1.1;AES256
34363464363832623763396239613636363231333463613834653161383638396561373165373736
3266616366353266626462666639636138363132336331360a366436386261333261393733626166
33383832363630303638643663636439343861663566376337313666656331313738323230666462
6539343466623663300a643965326631663939626261343161386135303238663939653533323032
32313335653664396234303835333764366437343130663431313237623035353031396565633262
39353636386638616230643330656639356531353563656538363862643661636534366266393638
32373539656530616237313261656538346465303034373562613339376162303666343332656432
66633364313966663462636630303835353565616639303865313666643737643131616164313064
39373362643535383439623361623162353836376433313465383361623430333538633765313536
64653261366661383766656531313465623837383664336363656630643565326537653462316562
31633637316632636163663865323230343164316234306665383637313337393635363536326564
39383435353334393336666562303138376533333234636331356437353139633163343865623637
39383638643765643261326237393334323634623436356437383133383932323866633839666663
3431616537303934326661653732393164356361303038353162
